[2507.1517478654278, 6549.435739766808, 8032.992693104001, 6092.951633293343, 6477.872072735491, 8764.971111036692, 9814.289127352951, 2780.1057684472867, 2151.806063568342, 6847.995019674964, 9646.923960446069, 4880.7123403716105, 703.8683105994455, 4290.674273083435, 3184.527622455784, 5812.361001809868, 8156.492050390891, 7693.11754976774, 1163.8249763272647, 2537.772536301275]
[7101.4802705980255, 6855.075968214346, 5585.547696683617, 2190.70013262219]
[[5.43866744e+07 3.15345654e+07]
 [9.10786111e+07 6.84146051e+07]
 [9.49596449e+07 6.36077285e+07]
 [8.52243940e+07 7.33680756e+07]
 [5.35308111e+07 2.97526976e+07]
 [9.57688917e+07 7.68225738e+07]
 [2.89642727e+07 1.42246514e+07]
 [5.50800797e+07 3.45633188e+07]
 [1.00893442e+08 7.27666863e+07]
 [2.24397297e+07 1.35376073e+07]]
