[9962.191118353554, 3945.225888718275, 1208.3999143470764, 7918.062891627125, 3852.39158238296, 4576.729150198891, 4457.865115558375, 3298.9384083296204, 7894.934650490032, 4462.2715881055055, 395.0632782173398, 4493.036608869832, 8602.429061936173, 1358.0509702005738, 5420.849486563519, 8399.501537046513, 9833.536468514454, 4778.342391000694, 4653.238273104762, 5254.036723935608, 7531.749814280363, 4079.7394838546943, 7421.16349064853, 6464.4015861344815, 638.397416644743, 4971.4128039244815, 6364.481794482348, 8044.468304691117, 2290.886278615102, 5322.25766332146]
[1436.0893265454486, 9434.154262328304, 2644.7534848520077, 7041.133042536387, 6063.6041787683735, 8646.600093677709, 2387.468656636986, 3012.988488276858, 490.4128454729173, 4702.491475323496, 4483.054591018469, 5358.069451186438, 7814.3815546239875, 6175.512158249681, 1087.230535036416, 9120.348276830815, 2360.5734019017686, 5063.487679340341, 5671.334819848425, 5339.471529928411, 3332.822087302168, 3953.411924211633, 9896.998482678317, 1696.3865980373573, 453.73893722865654, 1497.7848881964474, 6419.111243839168, 5010.584708250614, 5218.562669213726, 9382.120667684392]
[[3.60206413e+07 1.19900945e+08 6.91365722e+07 9.65588169e+07
  6.52444518e+07 1.23930840e+08 4.08542678e+07 5.60473600e+07
  3.35663941e+07 7.92498939e+07]
 [4.38949514e+07 1.13435304e+08 9.63412636e+07 8.73065273e+07
  5.42770772e+07 1.10454432e+08 5.73765136e+07 6.62956587e+07
  4.96152702e+07 1.00743784e+08]
 [4.75036261e+07 9.09440571e+07 1.15705274e+08 6.51539169e+07
  3.41996754e+07 8.04577580e+07 6.91088633e+07 6.96938691e+07
  6.20957898e+07 1.12648890e+08]
 [2.31538025e+07 6.19773595e+07 5.93563600e+07 4.14810931e+07
  2.95256392e+07 4.89161950e+07 4.04274112e+07 3.79579115e+07
  2.78760846e+07 6.52474349e+07]
 [3.65088001e+07 1.09864025e+08 8.70137718e+07 7.81533642e+07
  5.60978898e+07 9.48869282e+07 5.85408446e+07 5.99571196e+07
  4.02097462e+07 9.85631878e+07]
 [7.20720804e+07 1.50821720e+08 1.46348864e+08 1.27975048e+08
  6.37906937e+07 1.69469337e+08 7.39390427e+07 9.90418815e+07
  8.48245804e+07 1.36835457e+08]
 [5.53385814e+07 1.01826971e+08 1.27905432e+08 7.79871969e+07
  3.73451924e+07 9.94342763e+07 7.18591398e+07 7.83623740e+07
  7.13843177e+07 1.20599378e+08]
 [6.06730518e+07 1.03808443e+08 1.32759881e+08 8.55215981e+07
  3.57395916e+07 1.12641754e+08 6.87541642e+07 8.22596097e+07
  7.78235444e+07 1.19459827e+08]
 [4.44155962e+07 5.78213330e+07 1.03526187e+08 4.59926830e+07
  1.21638743e+07 6.03936080e+07 5.41138553e+07 5.89859467e+07
  6.17210719e+07 8.92591117e+07]
 [3.95608812e+07 1.09208560e+08 9.18518711e+07 7.98181742e+07
  5.36841087e+07 9.84225782e+07 5.87778852e+07 6.25053877e+07
  4.47120289e+07 9.99952293e+07]]
